NOMINA raom.

1161616648, 14. Arminius 119, 8.
111611. 18, 30. 19, 23. 111161611616667, 8.
Annibal 35, 8, 12, 20. 36, 16, 28. Α1166614, 2.

37,3,10,12,18. 38,6,10. 39, 1116163116.

13,26. 40,1; 9,17, 18,23,27. Arsinoe 104, 11.

41, 1,6,11,11,11,16,16. 11, 661661616121.

6. 43, 24, 28. 44,18. 52, 21. 61, 111163616120, 16.

25. 63, 26. 83, 28. 90, 6. 93, 7. Α11116666 66, 27.

11666 52, 20. Α1666159,22. Α16616173,9,22.
Antiochus 43, 10, 21. 44, 2, 20. 45, 11166161 campi 23, 18.
0. 46, 3. Asculum 23,10. 25,22. 83,24. 84,10.
Antistius 121, 23. 11616 28, 25. 43, 10, 12, 19, 27. 44,
11161116, 6. 616, a. 66, 6. 61, 16, 11, 1666,
Antonius 66, 11. 6616. 61, 6. 1, 6, 6,1,11. 66,6,11. 61, 16,
M. Α1116616669, 9, 20. 07, 21, 24. 13, 20. 60, 20. 70, 27. 83, 19. 80,
66,11. 161,11. 1ο6,11,16,16. 16. 66,6,11. 161, 6. 11611.
166, 6, 11,11. 161, 6, 16, 16, 11. 111, 11.
198, 15. 119, 16. 111, 11, 22. 112, Asiaticum 11616111 68, 17.
7. 113, 12,17. 114, 14, 18, 25. 11616166 Ρ61116 116, 10.
161611, 16. 16161611, 11.
Apollo Cumanus 43, 18. “ Astura 122, 6.
Apollo Pythius 16, 15. Astures 121, 4. 122, 3, 23.
116,)66166687, 10. Athenae 42, 7. 44, 20. 64, 19, 23.
Apuleius Saturninus 76, 5. 81, 2. Athenio 85, 18.
Apuli 22, 9. 25, 14. Atilius 26, 3.
Apulia 22, 14. 23, 19. 36, 25. 38, 21. Μ. Atilius Regulus 30, 25. 31, 9, 28. ‘
Aquae Sextiae 60, 27. Α116166 17, 21.
Aquilius 57, 13. Α11616642,14. 56,29. 75,15. 80,
Τ. Aquilius 86, 25. 29. eslii, 1.
Aquitani 71, 19. Attici 45, 12.
11161166 114, 11. ” Attius Nauius 9, 22.
Aracelium 121, 17. , Auaricum 73, 20.
Araxes 112, 8. Α666116666,23. 27, 23. 80, 25.
Arcades 7, 4. Auernus 20, 13. 110, 24.
Archelaus 64, 17. Aufidus 37, 6.
Archimedes 38, 26. Augustus cf Caesar Augustus.
Ardea 10, 27. Aurunculeius Cotta 71, 26.
Arethusa 38, 28. Autrigonas 121 , 8.
Aricinum nemus 14, 25. Autronii 93, 9.
Ariminum 96, 14. Auxuma 92, 1.
Ariobarzanes 65, 4. 94, 25. ’
Ariouistus 34, 8. 72, 2. Baebius 33, 22. 89, 13. 99, 21.
Aristonicus 61, 6. Bagradam, 6. 161, 6.
Α1166616 66, 8. 75, 3. 113, 4. 120, 12. Baiae 20, 13. 37, 20. cf 110, 11.
Armeniae 66, 3. Baleares, 76, 1. 91,10.
Armenii 66, 23. 76, 20. 95,·12. 120, Balearicus 61666 68, 14.

9, 13. Basilus 97, 25.

 

