suom.

69, 19. 70, 27. 71,14. 75,16.

19. 91, 17. 92, 20. 91, 17. 95,

15,19,21,28,30. 96,5,7,

16, 20, 25, 28. 97, 7, 22. 98,
7. 99,15,18,28. 100,9,11,
21. 101, 7, 22. 103, 0. 101,
9. 105, 8, 9. 108, 10. 109, 23.
10. 11911.

›mpeius 102, 19. 101, 3.
Pompeius 102,19. 101, 0. 105,
111,8.

ius Strabo 84, 8.

inus ager 10, 2.

1110, 2.

105,3,6. 06,11. 91,15.
1.
ιω 1515163, 23. 65, 25. 68,

121,1.

68,11. 101, 5. 101, 12.
·.151,1.

93, 0.

sCato 68, 18. 70, 23. 81, 7.
. 05,11. 102, 19.

ausonius 19, 29. 53, 3.

1, 9.

nal3, 9.

1iusll, 10. 21, 2. 26,15.
2.
11101,2.

ste 11, 23. 25, 5. 00, 26.
1110818.

»philippus 48, 2-1.

1111170, 19. 100, 12.

2016. 110,1.

ai montes 39, 11. 52, 11, 10.
2.
122, 11, 26. 23,27. 21, 13,
15, 3. 15, 11. 03, 26. 83, 28.

,us 28, 11.

istius 15, 8.

ius Varus 110, 3, 9, 14.
lis mons 18, 12.

11 8, 1.

1s 120, 5.

Raudius campus 01, 22.

Rauenna 73, 1-1.

Regilli lacus 11, 9.

Regillus 12! Aemilius.

Remus 6, 12, 22, 27.

Rhascypolis 91, 26.

Rhea 8111116, 10.

Rhenus 11, 1, 11, 19. 91,19;1s.
101, 9. 118, 1, 19. 119, 25. 123, 6.

Rhodanus 59, 25. 11,a; 1. 191, 9.

Rhodii 12,17. 11, 19. 15,12. 68,10.

Rhodope 63, 13.

Rhodus 91, 18.

Rhoecogenss 55, 26.

Rhoemetalces 117, 6.

noma a, 1. 9, 9.·19,9. 15‚9. aa,
10, 16. 40,3,18. 18, 6, 16. 58,
2. 62, 20. 61, 20. 83, 20. 87,12.
95, 11. 191,19.

Romani 22, 22. 21, 15. 31, 19. 35,
11, 11. 39, 1. 17, ¹121· 11, 11.
39,27. 12, 3. 13, 22, 23, 29. 15,
9.18,12. 50, 20. 51,1,11. 52,
11. 51, 11. 51, 19. 55, 11. 9911.
71, 10. 72, 5, 10, 22. 112, 1, 27,
28. 113,17. 116, 20. 117, 8. 121,
20. 122, 6.

Romulus 5, 2. 0, 0, 18. 7, 16, 30.
8, 3. 11,20. 18,21. 31,12. 53,
27. 123, 21.

Rufinus 24, 26.

Rutilius 82, 7. 81, 3.

Sabaei 111, 11.

Sabini 7, 12. 10, 20. 25, 12. 83, 1.

Sacriportus 90, 7, 11.

Saguntini 35, 27.

Saguntos 35, 9.

Salamis 11, 21.

Sallentini 26, 2.

Saluuii 33, 20. 59, 20.

Samnites 20,5,19. 21,18. 25,12.
81, 8. 90, 5.

Samnium 20, 27. 38, 9. 83, 17.

Samos 57, 8.

Samothrace 17, 21.

Sardinia 39, 21. 33, 1. 38, 22. 39,

 

