126

Belgae 71, 9.

Bergida 121, 11.
Bithynia 31, 13. 35,1.
· Bituriges 73, 9.
Bocchus 59, 1.
Boeotia 61, 28.
Boiorix 62, 9.
Bomilcar 37, 12.
Β333313 197, 13.

·’ Borma 118, 29.

Bosporos 66, 16.

Bouillae 11, 22.

Brennus 16, 7.

Breuni 115, 7.

Britanni 11, 2. 13, 1. 15, 13.

Britannia 73, 22.

Β111111 25, 13.

Brittius angulus 87, 19.

Brittomarus 31, 5.

Brundisium 26, 2. 96, 16. 98, 12.
113, 13.

Β131111 5, 22. 12, 5, 21. 11, 2.

Brutus 97, 3. 191, 28. 166, 16. 197,
11. 131,1,11,11. 133,1, 11.
111, 8, 11.

D. Β111111153, 11. 196, 13.

Byrsa 59, 11.

Caeninenses 7, 19.

0. 13113103313156, 18. 79, 28. 71,
1,13.11, 3,11,13. 1311. 11,
1, 5. 15,11.’ 11, 19. 1311. 11,
3. 91, 1, 17. 95, 18, 29, 28, 39.
96, 4, 19, 13, 21. 97, 16. 98, 9,
16,18. 99, 111, 16,24. 1110,11,
13,16,19,211. 101,1;9;12;26.
193,4, 11,27. 191, 7, 8. 195, 1,
8,]9,16. 196,1,9.198,2,5,
11, 11. 131, 13. 111, 1.

0. 0331131129, 11, 19, 22.

L. Caesar 197, 19. 129, 11.

033131316, 5. 89, 12. 129, 9.

03133131 033131 Augustus 5, 2. 6, 2,
151,11.15,11.135,11,13,11,
11. 133, 5, 13,11. 131, 1,13, 15.
131, 11,11,13. 131, 11,-31113.

somma

116, 6, 11. 117,11. 121, 25. 122,
3,16,18. 123,11,25.

Caesonius 191, 1.

caesoriacum 11, 26. 118, 29.

031313 29, 13.

03135113 22, 11.

Calagurris 92, 2.

0313113111 39, 11.

0313113331 7 3, 3.

Caledonius saltus 21, 22.

Callaecia 53, 12.

0313313131 Bestia 58, 8.

Calpurnius Flamma 39, 11.

0331311333133 39, 13.

Camillus 18, 17,24 , 29. 111,23.

0313333129, 6. 22, 9. 37, 19.

Campania 29, 3, 19. 23, 2. 25, 1. 37,
16. 38,12,29. 98, 6. 83, 13. 86,
21. 99, 6. 119, 2.

033333 36, 21. 37, 18. 61, 26.
311311.

Cantabri 121, 4, 5, 11.

Cantabria 121, 11.

Canuleius 11, 26.

0331131133113331 17, 25.

supremarum. 11, 11. 31, 3,1.
31, 11. 13, 13. 13,11,11. 11, 19.
1111. 88, 18. 89, 16. 198, 6.

Cappadocia 15,1. 15,19. 91, 26. 191,
1. 113, 5.

Caprae palus 7, 27.

03333 58, 29.

Capua 19, 12. 29, 17. 37, 18. 19, 1,
6. 51, 9. 86, 11. 89, 29.

0313111333.

Carbo 81, 8. 89, 7, 29. 99, 29.

Carinae 110, 15.

Carisius 122, 19.

Carnutes 73, 9.

Carrhae 11, 25. 71, 22.

Carseoli 81, 2.

Carthago3l, 1, 13, 27. 32, 22. 33,
1. 37, 8,15. 11, 6,16,29.11,
13.11,13,13,11,13.53, 13, 33.
31, 3. 51, 2. 51,9; 13. 131. 51,
13. 1111. 11311.

111, 19. 113, 23. 111, 4, 15, 18. Carthago Hispaniae 39, 19. 52, 25.

 

